### bzr hashcache v5
cqt/base/text_edit.cpp// 677090f5b6bfddf03d05a840efef87443de25d26 1082 1156823744 1163503935 0 3 33206
cqt/extensions/wiggly_widget.h// 4c758855ad2f2f9f08b3cd90b46f095a5ccbbcc8 1493 1152123957 1163503935 0 3 33206
cqt/base/list_widget.cpp// 689e24c3148303de3e15672575a4db5ab78c01de 107 1152124364 1163503935 0 3 33206
cqt/base/double_spin_box.cpp// 4da0866b8d196d019caacb40505ecc5e72e41fe4 119 1152124148 1163503935 0 3 33206
cqt/gen/gen.rb// 936d7092006ee46880d4630e3ff29f78066c8da5 709 1162583647 1163503938 0 3 33206
cqt/bld/moc_menu_bar.cxx// 780c2a5daa7a66af5ea4e1360d4226f510664b51 2042 1163605006 1163605006 0 3 33206
cqt/base/size_grip.cpp// bf21fa0172d160d0c4d5cca624b2ed6cd99bcaa1 98 1152124532 1163503935 0 3 33206
cqt/base/tree_view.cpp// 04da57ed430d071c05751e4ab73f0cdf995b7017 98 1152153371 1163503935 0 3 33206
cqt/bld/moc_tab_widget.cxx// 026c0accab1f4423b9ac67af8ab916da8b9caf84 2950 1163605008 1163605008 0 3 33206
cqt/bld/moc_label.cxx// 68fc57622382a879b7c2cea9f0bf142c981e40e1 2736 1163605004 1163605004 0 3 33206
cqt/bld/moc_error_message.cxx// 873b37c359af24a4a5f3541c81744db0581d01a5 1832 1163605003 1163605003 0 3 33206
cqt/base/push_button.cpp// 1f3c81c9aa853d6ef64ba4497f3d2e135b32e3b6 106 1152124470 1163503935 0 3 33206
cqt/bld/moc_button_group.cxx// 6ce7c633f683dec2cc374295d1f33c000a32cc40 2179 1163605001 1163605001 0 3 33206
cqt/base/graphics_view.cpp// d6d31a28fbd60446ca2a45419724c231909ef560 6454 1161642958 1163503935 0 3 33206
cqt/bld/CMakeFiles/qtnative.dir/link.txt// 29983058c77f976e6f155194b2369dab8ae0d8cc 5453 1163604976 1163604976 0 3 33206
cqt/bld/CMakeFiles/Makefile.cmake// 45be44ea35e8aeb8450d022fe21ee88e7407a4d1 2466 1163604976 1163604976 0 3 33206
cqt/base/calendar_widget.cpp// 53adb5d08670cf9463f274f1150eb4a9cefe54d1 122 1160244008 1163503935 0 3 33206
cqt/base/l_c_d_number.h// efaee4e4843e50e967a339d2242c946ffafd949f 296 1152118644 1163503935 0 3 33206
cqt/bld/moc_tree_view.cxx// 935808e0317791df36d6361753731144c0544ae6 2087 1163605010 1163605010 0 3 33206
cqt/bld/moc_menu.cxx// 6a3132996fd983241d84514e02506ebb37669e56 1996 1163605005 1163605005 0 3 33206
cqt/base/table_widget.h// ed90f3e0c0c6db8981baaa7383aaaef52cd8079b 1043 1153573870 1163503935 0 3 33206
cqt/bld/CMakeFiles/CMakeSystem.cmake// ab8928af47476837b130d12ffaf8d33350f410d4 163 1163604972 1163604972 0 3 33206
cqt/bld/moc_tool_box.cxx// cb2448cfc6f910ce25a323d0a74d1c76380cea9c 2104 1163605009 1163605009 0 3 33206
cqt/bld/moc_size_grip.cxx// c21a808bb52cf7778f2f1033a2b62e23b135c458 1764 1163605007 1163605007 0 3 33206
cqt/extensions/painter_widget.h// b35f5234a08a423702bd168f20381bfc80884be8 2997 1159465719 1163503935 0 3 33206
cqt/bld/moc_tree_widget.cxx// 435c0ba33aee239b2fac425b674b63b738f0298c 2855 1163605010 1163605010 0 3 33206
cqt/base/dialog.cpp// ddc8d38bcc3516d28ec4021e396c9314bc4835c6 89 1152124116 1163503935 0 3 33206
cqt/base/slider.h// fffb25e1c39fe98d7bccb4370f51b9f2314f5757 275 1152118644 1163503935 0 3 33206
cqt/base/dial.h// f83aaf1c6df4cb75556efeaacb9799aa91fc0ede 261 1152118644 1163503935 0 3 33206
obex.rb// 48fc9047db39400e9da3c4f6e1b0188e011aadce 19688 1159305345 1163603977 0 3 33206
qt.rb// 735d9e3685f621d33b13c215bb4185d6fe534d71 10934 1163289509 1163603977 0 3 33206
cqt/base/dir_model.h// ac2345fe113e1b6d69fbed390254c003bbd2fdad 289 1152118644 1163503935 0 3 33206
cqt/base/splitter.cpp// 8033a5932eefcda09be4f758560fb4af9d92ca6d 97 1152124563 1163503935 0 3 33206
cqt/bld/CMakeFiles/qtnative.dir/cmake_clean_target.cmake// 704659b22679aeac813a45f86d65f04bb10357ec 73 1163604976 1163604976 0 3 33206
cqt/extensions/lisp_highlighter.h// 70b1628ffaea382b75eb3d2ed5233024a9e8736b 453 1146223171 1163503935 0 3 33206
cqt/base/date_time_edit.cpp// f5212cea48cd09018ef613bf7185a175687978b9 115 1152124080 1163503935 0 3 33206
cqt/base/tree_widget.cpp// 34f1b6cfe190a3f27f9835ec8f2c7b92f97ad040 1486 1160523845 1163503935 0 3 33206
cqt/base/grid_layout.h// c8fc5de427760de09009063ec5913299d0c8dddc 435 1152118644 1163503935 0 3 33206
cqt/base/combo_box.cpp// 41b548b69a6975457033c169df3ca51a70c3458b 433 1158871483 1163503935 0 3 33206
cqt/gen/gen.lisp// f95a0ffb8e4bebfc7fcb4b154eabc471645942ec 2170 1157308212 1163503937 0 3 33206
cqt/bld/moc_spin_box.cxx// 00520751695e8ffc5ed963f9bffe29b7353390ed 1747 1163605007 1163605007 0 3 33206
cqt/base/scroll_area.h// 9d60f94ce856658c74d04413e629928678e60bbc 353 1152118644 1163503935 0 3 33206
cqt/base/progress_dialog.h// 92d13ebae407b1e29ca2b01bb0fa14b2519e227c 331 1152118644 1163503935 0 3 33206
cqt/base/menu.h// 010a941bb7a0ea8b34f1fd61648af6470b7c3101 311 1152118644 1163503935 0 3 33206
cqt/proxy.h// fbb5049de540f92f1a88619a262171bf7ef44570 3355 1163524937 1163517609 0 3 33206
cqt/bld/moc_action.cxx// 00c15287d4f00c4916e669572ac1ebf8a894dcd7 2747 1163605001 1163605001 0 3 33206
cqt/bld/CMakeFiles/qtnative.dir/includecache.CXX// 3ff0bf9cdce6248496f41347463029de2406e94f 114762 1163605013 1163605013 0 3 33206
cqt/base/v_box_layout.cpp// a0743101729301ceecb8d89edd1be5aece7c1af1 107 1152124293 1163503935 0 3 33206
cqt/base/radio_button.cpp// 03e3aab08cee6e255b393d5a47cacb4a3a9e7de1 110 1152124485 1163503935 0 3 33206
cqt/base/time_edit.cpp// 67fded600941939b287e35ff026c226076b2c53f 98 1152124067 1163503935 0 3 33206
cqt/base/error_message.h// 90e370522a89f2e4b9bfc3088cbe338f12042f89 317 1152118644 1163503935 0 3 33206
cqt/bld/CMakeFiles/qtnative.dir/depend.make.mark// 833c7868f13995a22581f15fe7b76655fceb1102 23 1163605013 1163605013 0 3 33206
cqt/bld/moc_widget.cxx// 7f29e37770d78ae8f8accb91aeab4464ab67b8a9 1727 1163605010 1163605010 0 3 33206
cqt/bld/CMakeFiles/CMakeCXXCompiler.cmake// 7c9ef166666dd2b798e9bec4dac443e8624eee44 969 1163604972 1163604972 0 3 33206
cqt/base/focus_frame.cpp// 671baf7b546fefeed5029d3d2258347d00e060b2 106 1152124191 1163503935 0 3 33206
cqt/base/main_window.h// bd26e393bc86e660b52cf4c7c9f2dfd1a6aa045c 792 1152322770 1163503935 0 3 33206
cqt/base/tab_widget.cpp// 88e61dca8e0186dd9f2a068fb58572ba5e1a6195 102 1152124668 1163503935 0 3 33206
cqt/bld/moc_cqt.cxx// 0a71aead0a03d27f24af9c23efdc5c6882769b8f 4888 1163605001 1163605001 0 3 33206
cqt/base/button_group.cpp// 972026ab7720405f5aa336ca81afd8d3d065f243 100 1152118689 1163503935 0 3 33206
cqt/bld/libqtnative.dll// 88ace8a50434f63333697d725441e942724612d2 1954223 1163605090 1163605088 0 3 33206
cqt/cmakelists.txt// 3d5f89b43604b204ed6c5520c712a2deb637541d 3641 1163603178 1163589707 0 3 33206
wbxml.rb// a3056ec7f73ab64288553ed0e683bdbd3b694bf1 4225 1158781328 1163603977 0 3 33206
cqt/bld/moc_wiggly_widget.cxx// b4514368354448f10a3ce9bd04ecb6f5a484366e 2127 1163605011 1163605011 0 3 33206
cqt/base/action.h// 40e8cd544c8b1db9e29956b0716f561833f7144d 503 1152118644 1163503935 0 3 33206
cqt/base/time_edit.h// b726dde5f7b3da4a8954296f9dc300ad6dd31dc8 289 1152118644 1163503935 0 3 33206
cqt/bld/moc_check_box.cxx// c021932f13e9137adaaadfd1d7a700fa294e780e 1764 1163605001 1163605001 0 3 33206
cqt/base/action.cpp// 265c5375da94f307017000c996a637a1416c3381 79 1152118689 1163503935 0 3 33206
cqt/base/status_bar.cpp// 74da90e0573dda00825b2158b64fcaa1a6f1457c 102 1152124598 1163503935 0 3 33206
cqt/bld/CMakeCache.txt// 493500e725878810c3885a563ac90b706b8aaa64 23615 1163604976 1163604976 0 3 33206
cqt/base/frame.h// f93fd41755239970136449f7ac821baa650ba207 268 1152118644 1163503935 0 3 33206
cqt/bld/CMakeFiles/qtnative.dir/flags.make// 4f8abad84f73085150666ab8003047f963450f59 499 1163604976 1163604976 0 3 33206
cqt/bld/moc_time_edit.cxx// 0dc00f290f389aad7129156dd44f48d977b62477 1764 1163605009 1163605009 0 3 33206
cqt/bld/moc_dialog.cxx// 1a49b48e0f3562acbf00d760f27f2659cf10a8c1 1727 1163605002 1163605002 0 3 33206
cqt/bld/moc_tool_bar.cxx// 1f9bc5f251edbee774ac91500e3d128e7e6b8ae8 2289 1163605009 1163605009 0 3 33206
cqt/gen/include/signals// 4ae3c8e8d3b9725923cd752c5f720828f12d47ee 20068 1161643294 1163503934 0 3 33206
cqt/base/spin_box.h// fb933c3b66e43dad0cfef0f7705a326de9c7b75c 282 1152118644 1163503935 0 3 33206
cqt/base/spin_box.cpp// 7392192afa35279a6c1727d5fc75aebf7e592a31 94 1152124159 1163503935 0 3 33206
cqt/bld/moc_slider.cxx// 03141f51c34be27186e3f456c51d1fa74db601af 1727 1163605007 1163605007 0 3 33206
cqt/base/main_window.cpp// 89838b17db49931962788139428a56a1e024b063 380 1152124381 1163503935 0 3 33206
cqt/bld/CMakeFiles/qtnative.dir/progress.make// 8f054ab9a85a605d1172f6226b19377092233fb4 4040 1163604976 1163604976 0 3 33206
cqt/bld/moc_push_button.cxx// 8e1dc99d09ebb19f09b4622a04c5d7ca5147cf4d 1798 1163605006 1163605006 0 3 33206
dl_qt.rb// d3f3cf4a09fc461ba8b11ab93a8cb7a84786d99f 8476 1147404170 1163603977 0 3 33206
cqt/bld/moc_tool_button.cxx// 093579400a434bb7c419d67a36bcbcde93be0513 2818 1163605010 1163605010 0 3 33206
cqt/bld/moc_main_window.cxx// 4e19f2b40bd8029be8e198933fed8d0d3b9a803d 3139 1163605005 1163605005 0 3 33206
cqt/bld/moc_frame.cxx// 65c21c358a03b7e3dd534f11180759b0bb7dda47 1710 1163605004 1163605004 0 3 33206
cqt/base/menu_bar.cpp// 605dc6f896e337d4c9c25ae41d33bcefc296eb17 94 1152124411 1163503935 0 3 33206
cqt/base/tool_button.h// 8e9d697e08bedddb3e383bd1517b51625f755923 528 1152118644 1163503935 0 3 33206
cqt/base/tool_bar.h// e89bab72730323c7d6b6bbab1997e2354f1b178c 427 1152118644 1163503935 0 3 33206
cqt/cqt_call.cpp// 9e73afce8edfb29b7e431b6809559c98d1e2abbb 1805 1162635236 1163503935 0 3 33206
cqt/bld/CMakeFiles/cmake.check_cache// 2ebfcdce6a74c9952f8966251a66be493a1aae05 86 1163604976 1163604976 0 3 33206
cqt/base/push_button.h// 5464692ce05cbf1bbfaae2699687740a128aaf7e 303 1152118644 1163503935 0 3 33206
cqt/base/widget.h// 65c45916f75871d7ed0874700e178f20b1f9a56c 275 1152118644 1163503935 0 3 33206
cqt/bld/moc_date_time_edit.cxx// 89fe24ea024de9e528875a7795efc8f4f04883db 1835 1163605002 1163605002 0 3 33206
.bzrignore// 21925f518e13c2f4aa9de9f56ccd803655aab5b9 63 1163606125 1163605512 0 3 33206
cqt/bld/cmake_install.cmake// bc691ced21d02ec5bba75b9f83265e567eab9fec 1467 1163604976 1163604976 0 3 33206
cqt/base/tree_view.h// 3526d0c9ce57ec6d4c59dda202c8d5fec8ff3ccf 348 1152156945 1163503935 0 3 33206
cqt/base/check_box.h// a5d399ea5a2f0952ea188f501306e990e3f52257 289 1152118644 1163503935 0 3 33206
cqt/base/text_browser.h// 5b8cffe7ca1cff0c9f2e968bf11fd0d2c3d8844d 310 1152118644 1163503935 0 3 33206
cqt/bld/CMakeFiles/qtnative.dir/DependInfo.cmake// 6489e2616e80d9cdba8e1813aee3da19503fbb54 16135 1163604976 1163604976 0 3 33206
cqt/gen/include/slots// cbcce0ce3448b4667ab3da3ca33ff15ec24e4e4f 74500 1161643294 1163503934 0 3 33206
cqt/base/tree_widget.h// 74131b53299bb75b678ed6be16cb3fb65f0d319b 793 1153573749 1163503935 0 3 33206
cqt/extensions/painter_widget.cpp// 6664210dd7432a70090d52116e7419de3db5959a 790 1158368879 1163503935 0 3 33206
cqt/base/dock_widget.h// 781d29f6e14b651e1fe621e6975be069d42c598a 353 1152118644 1163503935 0 3 33206
cqt/base/tool_box.h// 92f621dcdafa1477cce5ce48d533557bcd20a13c 353 1152118644 1163503935 0 3 33206
cqt/base/dock_widget.cpp// 7984dafed738398f9b61a07533872f667623c666 106 1152124132 1163503935 0 3 33206
cqt/bld/moc_graphics_view.cxx// 1f754f4075cdc9a548d62cc5b7f250c934179ac6 7555 1163605004 1163605004 0 3 33206
cqt/bld/moc_dock_widget.cxx// 57a07c84a59fddaa92f63d237ebbd34b2101d19f 2101 1163605003 1163605003 0 3 33206
cqt/bld/moc_lisp_highlighter.cxx// 045533b5721197ac2d3075dff36a26750761384f 1895 1163605010 1163605010 0 3 33206
cqt/bld/CMakeFiles/Makefile2// 40b2c610329a996f6b5bf8e215cca5aac8725bc5 3128 1163604976 1163604976 0 3 33206
cqt/base/slider.cpp// 6f1637162bf03be98b7e00b909ed71d2e48c4d32 89 1152124546 1163503935 0 3 33206
cqt/base/scroll_area.cpp// 66a233a59d02c05d68c8758fa20bb0bdb1ea2ba0 106 1152124502 1163503935 0 3 33206
cqt/bld/CMakeFiles/CMakeOutput.log// 04f868eb9c11de02822addaa15ea5c424632b82f 4966 1163604976 1163604972 0 3 33206
cqt/bld/moc_dial.cxx// 74bca38ac29439ffaf5a68e6fa4765ee9de25477 1693 1163605002 1163605002 0 3 33206
cqt/bld/CMakeFiles/Progress/count.txt// 5eb8e2242eeb4f5432beeec8b873f1ab0a6b71fd 3 1163605090 1163605090 0 3 33206
cqt/gen/gen.cpp// c655ce96f7311bfedf1d6146a2f25d9b411ea30f 9692 1161628929 1163503935 0 3 33206
cqt/base/splitter.h// 89e2617a58c0d1bb1c60db72c4316be7c6c8657f 469 1152118644 1163503935 0 3 33206
3-dialogs-and-objects.rb// f67e24d665199a795e80c0220ea563989aa104a1 6446 1163509645 1163603977 0 3 33206
cqt/gen/gen.pro// fd729f6b6b1489a486a954834093cb5af668b8b6 3288 1161388549 1163503938 0 3 33206
cqt/rb/qt.i// 9cc606c9b475128a97524b1328db7997baec85a1 3904 1163520293 1163503935 0 3 33206
cqt/bld/moc_table_widget.cxx// 8d1adc4ea24935102657426f1558d75414267972 4505 1163605008 1163605008 0 3 33206
cqt/bld/moc_cqt_api.cxx// da39a3ee5e6b4b0d3255bfef95601890afd80709 0 1163605001 1163605001 0 3 33206
cqt/bld/moc_line_edit.cxx// 93c9e9bea07efdf0635e04c1ad883d9308255141 1764 1163605005 1163605005 0 3 33206
bt.rb// a73664cc07919372705a79cbd79bd1e1e07ae382 2274 1156196419 1163603977 0 3 33206
cqt/bld/moc_calendar_widget.cxx// 64892f31688962000645a0caf5f1b9b934e1be02 1866 1163605001 1163605001 0 3 33206
cqt/bld/moc_font_combo_box.cxx// 025899462f82e539e7c3c16906aca0233559be82 1835 1163605003 1163605003 0 3 33206
cqt/bld/moc_date_edit.cxx// 932d4f7f4bf0aa865f87c8d48a94e78c5f3eedb2 1764 1163605002 1163605002 0 3 33206
cqt/base/stacked_widget.cpp// a681754c1320f7fa90db0c49b5115320a90f9ee7 118 1152124584 1163503935 0 3 33206
cqt/base/list_widget.h// 5897177103d20a42977196e44b23e63eca56b92c 416 1152118644 1163503935 0 3 33206
cqt/base/dialog.h// 3c9aae802b8293be1642361f24191be5bd870cdf 275 1152118644 1163503935 0 3 33206
t_obex.rb// 3b304223538aa3415ce1baedbd3866e3fe2bd6e9 945 1159301393 1163603977 0 3 33206
cqt/base/line_edit.h// 0301a53c45cd6a52ee6447d1f082441d06b13348 289 1152118644 1163503935 0 3 33206
cqt/rb/qt_wrap.cxx// 9277164273406e8d5ed309d8fb510fd9bae24d14 177949 1163524814 1163515205 0 3 33206
cqt/bld/CMakeFiles/CMakeDirectoryInformation.cmake// 98d3ada6da2aaec49b08dc5fab653e3aa71d1e36 2328 1163604976 1163604976 0 3 33206
cqt/bld/moc_double_spin_box.cxx// 4adfbe0a99afd76e6cd595d3be225f430efc799a 1852 1163605003 1163605003 0 3 33206
cqt/gen/include/objects_names// df92e74dac5be68437f002caba33bc81d491a7e9 835 1161388549 1163503934 0 3 33206
cqt/base/text_edit.h// 424d6a873a01687068b8b918fe6188e09d50ffaf 640 1153765532 1163503935 0 3 33206
sdp.rb// e3f620a48d2378282241be50ed9cf147ac2d0d31 6913 1156196176 1163603977 0 3 33206
cqt/bld/CMakeFiles/qtnative.dir/depend.internal// ec5d464429e2de80ad47683d086fea891df0550d 1463055 1163605013 1163605000 0 3 33206
cqt/base/group_box.h// f81b55cdbebb0057ffa8ae4dc595ad2557de5257 289 1152118644 1163503935 0 3 33206
cqt/bld/CMakeFiles/CMakeError.log// 55d9607b185043c5d2ddb82df8bbb4d4b3960f46 3432 1163604975 1163604975 0 3 33206
cqt/base/combo_box.h// 844950d9b66a892b183c091d63baa85cdaed6de4 670 1159467079 1163503935 0 3 33206
cqt/base/font_combo_box.h// f6d4153f6a7b251bddfabccd367e333a8c880993 317 1161388521 1163503935 0 3 33206
cqt/base/h_box_layout.cpp// 782f80b0c616f3133c5b2e4c414eb04b9d82243f 107 1152124283 1163503935 0 3 33206
cqt/base/radio_button.h// e7ad7b68b2829a4badb47154fc24457e936c3c6c 310 1152118644 1163503935 0 3 33206
cqt/base/font_combo_box.cpp// c0e337bb5a4f3e1d487bcf12804fd196360349dc 115 1161388521 1163503935 0 3 33206
cqt/base/calendar_widget.h// 301ed5649f4443f0e1ec56cfd0e53e301fe216de 331 1160244008 1163503935 0 3 33206
gui.rb// bedf3d7b6b3f2e46fa1aa8cd5844e7950eb58508 4560 1163289526 1163603977 0 3 33206
cqt/bld/moc_v_box_layout.cxx// e915efcfa728330f3d740e1ff1e764a984abca6c 1801 1163605010 1163605010 0 3 33206
cqt/bld/moc_list_widget.cxx// 9a7ffad028927cbfe9b1298cd3991d5a6f88ac9f 2246 1163605005 1163605005 0 3 33206
cqt/bld/moc_grid_layout.cxx// 36d7bb881427a7e7a196a322f6aa1d68ce329b91 2320 1163605004 1163605004 0 3 33206
cqt/bld/moc_combo_box.cxx// 2cea9c4f10bb977bfda78daf3ee7f07d29c33ff6 2873 1163605002 1163605002 0 3 33206
cqt/base/table_widget.cpp// a15db7cb5baa2e6bf91936f0b1481da99c912744 1547 1153573935 1163503935 0 3 33206
cqt/bld/moc_scroll_area.cxx// e7701c91fc072d69a565d364cc4babec962cd022 2101 1163605007 1163605007 0 3 33206
cqt/base/date_time_edit.h// 6be0324ac85546e1181b7e60b400f8242c8ad03f 317 1152118644 1163503935 0 3 33206
cqt/base/button_group.h// f412fc395a7ce23673d1bbccc34389513686627e 384 1152118644 1163503935 0 3 33206
cqt/bld/CMakeFiles/CMakeCCompiler.cmake// d390adb187c82d4dac7dc20ce239fe9b6d755628 919 1163604973 1163604972 0 3 33206
cqt/base/found// 05a9c05ca64f84eb3233f839595502a7de3025a9 718 1153573679 1163503934 0 3 33206
cqt/base/scroll_bar.h// 87e70c5d3455cc8e059fae7badffae3c40dc9f58 296 1152118644 1163503935 0 3 33206
cqt/cqt_api.h// 543c98f5c4be4a0b9f8797e84eb72a53da3a3132 5538 1163514973 1163503935 0 3 33206
cqt/base/h_box_layout.h// 591e40730180ef777e8518a57715f8c607e85e6c 303 1152118644 1163503935 0 3 33206
cqt/base/group_box.cpp// 06d228363ff0d30011c8e75541be88b8d1c99129 98 1152124250 1163503935 0 3 33206
cqt/base/error_message.cpp// e10a00cb5ac80cb13a8d87d996162c6deaf424fc 114 1152124175 1163503935 0 3 33206
cqt/base/menu.cpp// 7bf2b3494f5fa703cde81a2d17700e406ca7683d 81 1152124397 1163503935 0 3 33206
cqt/bld/moc_splitter.cxx// 075fce87cfed139d01ceab23d76a72e03bc1e9d8 2432 1163605007 1163605007 0 3 33206
cqt/base/grid_layout.cpp// 7c648fc653e13e2ef20db8b436fd1cc94cb1d839 107 1152124224 1163503935 0 3 33206
cqt/bld/moc_dir_model.cxx// 9d383f92f9242af668f38b4f404a7c815d6e7287 1764 1163605003 1163605003 0 3 33206
cqt/base/check_box.cpp// ba8eeaede429881d789823df176ef466b5bf1bb0 98 1152123999 1163503935 0 3 33206
cqt/base/label.h// 53b060086e00a3fb1de653e94f361330989e2e19 525 1152118644 1163503935 0 3 33206
cqt/subclass.lisp// 0a54ba2b3361c0b1e2daa76223d5e4092763a9e1 1351 1152156679 1163503937 0 3 33206
cqt/base/widget.cpp// 66f9bcd40e94cd9b7b45c017add57fff0a9fb693 89 1152124832 1163503935 0 3 33206
cqt/base/text_browser.cpp// 80ef4ede55a63d0a5e8850ca8ff2a1632ee94a69 110 1152124684 1163503935 0 3 33206
cqt/bld/moc_scroll_bar.cxx// c1c16915b54cf45fde5954c4ec9e72cae6702576 1781 1163605007 1163605007 0 3 33206
cqt/bld/moc_radio_button.cxx// 40e41b62337e083eeeed8f72a17451b340285400 1815 1163605006 1163605006 0 3 33206
cqt/bld/moc_focus_frame.cxx// 1eecca3b48d4cfb41cebbfcf87150d7f42a6f0f0 1798 1163605003 1163605003 0 3 33206
cqt/base/scroll_bar.cpp// e31989a69a4ef76db654f43ca416d303fdaec8eb 102 1152124516 1163503935 0 3 33206
cqt/base/v_box_layout.h// 4c42ffa4f18d51e6cdee3db94393234d2bd549b2 303 1152118644 1163503935 0 3 33206
cqt/base/double_spin_box.h// cdc0c690ff9256b606a928bb7b6c77e9edbaed6d 324 1152118644 1163503935 0 3 33206
cqt/base/graphics_view.h// 9b1ba06f81b85ef383d4e89796c75aad2b2e4081 4949 1161642936 1163503935 0 3 33206
cqt/extensions/wiggly_widget.cpp// 388618f6ecbe2520a83420d6dccac921ae6d02fb 2269 1152123942 1163503935 0 3 33206
cqt/gen/include/objects_new// 7732e33ae4971c52f7e9bd8fb8869ddd75fa0caa 2267 1161388549 1163503934 0 3 33206
cqt/bld/moc_group_box.cxx// c74a45bdd1c6a2597f5e684e28cb8f19c7f64120 1764 1163605004 1163605004 0 3 33206
cqt/extensions/lisp_highlighter.cpp// d876a5d2b580ce9afb1c762c3343af8fc7e9e3b4 2021 1153528153 1163503935 0 3 33206
cqt/gen/include/invoke_slots// a6dbb465c7e487bdd7684ea943070d7e68083682 70199 1161643294 1163503934 0 3 33206
t_sync.rb// fec648170882ccc4e3a475a0072604c5c8e821fa 653 1158949355 1163603977 0 3 33206
cqt/base/date_edit.h// 920d50f7fd41092f478758a98688a19b24b1825b 289 1152118644 1163503935 0 3 33206
cqt/base/dial.cpp// 0bdfb6c20223529da0af8a20784fa5c7b281d7b0 81 1152124097 1163503935 0 3 33206
cqt/bld/moc_tab_bar.cxx// 3738bcc0941987508e2f9fce68a5d9eac491f6d7 1730 1163605008 1163605008 0 3 33206
cqt/base/tab_bar.h// f27fb548a93b5189af1c72a344e9c2f9f772a731 275 1152118644 1163503935 0 3 33206
cqt/bld/moc_progress_dialog.cxx// 97f59957fd13f28e9f7a88397d6ffa25a3d5fa18 1866 1163605006 1163605006 0 3 33206
cqt/base/frame.cpp// c87525a31744c95218cb8ed19e62312e54d9d4ae 85 1152124206 1163503935 0 3 33206
cqt/cqt.h// 194ecc7a54e314941e214dce26c0072d4f83d80a 2590 1162583408 1163503935 0 3 33206
cqt/base/status_bar.h// 90905fee665acb66303a54b34a0949d604632d7a 296 1152118644 1163503935 0 3 33206
cqt/extensions/include/keywords.h// db77325a16b7cb33c23dbc37c5b034c627c53657 1143 1156903813 1163503935 0 3 33206
cqt/bld/moc_text_edit.cxx// bedeab1dfbe35483f622b52c4dd628d645b8169b 3588 1163605009 1163605009 0 3 33206
cqt/cqt.cpp// 7f1af931e0757ee6e9963541186b2c995722f88c 57654 1162680347 1163503935 0 3 33206
cqt/base/dir_model.cpp// a9d95ba15606dbe3cf032fc933d2ed0848044bc3 88 1152118689 1163503935 0 3 33206
cqt/FindRuby.cmake// 837174ef6fe4ae1d8c569e3d180e1ed31182eb62 2241 1163600625 1163598231 0 3 33206
cqt/bld/moc_text_browser.cxx// fd38bf10585ee4abed477e0163512c5a1e5af3c6 1815 1163605009 1163605009 0 3 33206
cqt/base/l_c_d_number.cpp// 57107a056ac4c8cd07906cbb0ef6bfae63c6c383 104 1152124328 1163503935 0 3 33206
cqt/gen/include/invoke_method.cpp// 105be1e278592105aca8e00956eb0d486fec9bdf 13709 1162321177 1163503935 0 3 33206
cqt/bld/moc_painter_widget.cxx// 8b506286288335e5e5af6e2f83e27b01a847b63c 6668 1163605011 1163605011 0 3 33206
cqt/bld/moc_l_c_d_number.cxx// 3c050d46422856c3f3533abcd9044be190134431 1787 1163605005 1163605005 0 3 33206
cqt/rb/swig.bat// 7f2e3902a79b5343dfc031cf466659aaf6dbf73c 56 1163523162 1163503934 0 3 33279
cqt/base/tool_box.cpp// f620fe8f96784a9a63fa621795c831f8ffd786b5 94 1152124751 1163503935 0 3 33206
cqt/base/date_edit.cpp// dc1b1bcbe5003916a8376e0e1ee3f7357e6b5c61 98 1152124051 1163503935 0 3 33206
cqt/base/tab_bar.cpp// 84729c966dc5692bd856cd5aa5d61c4c4659817d 90 1152124634 1163503935 0 3 33206
cqt/base/label.cpp// b045d8af8c6e8da44abc957a250bb722c566ab05 85 1152124310 1163503935 0 3 33206
cqt/bld/moc_h_box_layout.cxx// 99b965560a1bec462706d6f4ca0f0640a164045c 1801 1163605004 1163605004 0 3 33206
cqt/base/focus_frame.h// ee7303c7064ab030172529d0d2bb964d28c4cd66 303 1152118644 1163503935 0 3 33206
cqt/base/tool_button.cpp// 3076d9ec9419cb4ffa4146dbcd704dd5c152b10b 106 1152124781 1163503935 0 3 33206
cqt/bld/Makefile// 966c36c89d5cd67b4c4e16d707eee8d83262826d 24228 1163604976 1163604976 0 3 33206
cqt/bld/CMakeFiles/qtnative.dir/build.make// db8af33837b9f462235b83f2b027f0d73cafa9e1 191961 1163604976 1163604976 0 3 33206
cqt/base/tab_widget.h// 40145c3cd18a1bfb674b9ba786e35829bfd159ab 684 1152118644 1163503935 0 3 33206
cqt/bld/moc_progress_bar.cxx// 35a1369b9287e84a733358273f8b68c20463d022 1815 1163605006 1163605006 0 3 33206
cqt/bld/CMakeFiles/qtnative.dir/depend.make// 0e84ad686fcba4fd0109ccbb6e02d030458b41f5 2199756 1163605013 1163605000 0 3 33206
2-calculator.rb// 93eff0da2331ebd686bfe52cd73e751c9ba2bec3 4047 1163289399 1163603977 0 3 33206
cqt/cqt.pro// 15703039a46a94c8e9d2833f0ea1bfdbcc75c1a3 3197 1163523142 1163503938 0 3 33206
cqt/base/tool_bar.cpp// 9317d3e07306bd77804ba025a295d2ca998c666d 94 1152124735 1163503935 0 3 33206
cqt/gen/include/objects_include// d48ab2b7155f87e1eeb00ebfe6ef1242fc117e5c 1330 1161388549 1163503934 0 3 33206
1-hello-world.rb// 24422d15f5077fa8027d3c3d8ae3cb2d4430e877 365 1163284242 1163603977 0 3 33206
cqt/base/progress_dialog.cpp// 72103f1d479d2783f44aa1ef2e61f4573c300343 122 1152124455 1163503935 0 3 33206
cqt/base/menu_bar.h// 7d398fec047d07699f04ace3be9c55bcf37a8ddb 326 1152118644 1163503935 0 3 33206
cqt/bld/progress.make// 07aa1fecbf92723aadda5dd33a2252bfd7ea145f 24 1163604976 1163604976 0 3 33206
cqt/bld/moc_stacked_widget.cxx// 5e1bfd77ff9e1d61c3a72500aa2e216b662b37b2 2152 1163605008 1163605008 0 3 33206
cqt/base/progress_bar.cpp// d0cd79c6288b766d96e76e856444ff9b5a8e027e 110 1152124431 1163503935 0 3 33206
cqt/bld/moc_status_bar.cxx// f38b3cd300adf02596d424218ce2f2104cc3b2ca 1781 1163605008 1163605008 0 3 33206
cqt/base/stacked_widget.h// 36efb93afbed8e3e7e988ab777034f2200ddecb4 375 1152118644 1163503935 0 3 33206
cqt/base/size_grip.h// c80e3dd3f6f8e68ee8ba42bd61c37d2f94543d54 289 1152118644 1163503935 0 3 33206
cqt/base/line_edit.cpp// 068dec8f25458d9146a846b104a7edf006d0455d 98 1152124344 1163503935 0 3 33206
cqt/bld/CMakeFiles/qtnative.dir/cmake_clean.cmake// 5a008be2d40b13a8f141cfe8f7168bc9474b9999 6679 1163604976 1163604976 0 3 33206
cqt/base/progress_bar.h// 02d289f2b8988e35bf6daf6657bfe9812b705e43 310 1152118644 1163503935 0 3 33206
